A V S Public School,1730497,"Shri Parshwnath Teerth Kshetra, Bijoliya, Distt Bhilwara",311602,1489,8432258451,-,-,shri.nannu26@gmail.com,-,2008,Nalini Kulshrestha,Senior Secondary,"Shri Pa. Digamber Jain Sahatiya Shod Sansthan, Bijoliya",-,Bhilwara
A.D.Daga Public School,1730672,"Near Anubhav Smarak, Circuit House Road, Tagore Nagar, Pali - Marwar",306401,2932,02932-284008,-,-,addpsas7@gmail.com,http://www.addagapublicschool.com,-,Dr. Neeta Singh Soni,Secondary School,-,-,Pali
A.S.M. Public School,1730453,C.c. Head Padampurdistt. Sri Ganganagar,335041,1505,281428,-,01505-222927,bspannuasm@gmail.com,-,2001,Beant Singh Pannu,Senior Secondary,A.s. Memorial Shikshan Samiti,-,Sri Ganganagar
Academic Heights Public School,1730961,Near Fire Brigade Station Dukosi Road Dukosi Nagaur Pin-341001,341001,-,01582242444,-,-,rachnagodara27@gmail.com,https://www.nagaur.academcheights.in,2011,Mrs. Sarita Sharma,Secondary School,M.p. Memorial Education Society,-,Nagaur
Abhilasha International School Sandwa,1730982,Vpo. - Sandwa (bidasar) Churu,331517,-,01560272350,-,-,aissandwa@gmail.com,www.absssandwa.in,2013,Mrs. Ujjwala Bissa,Secondary School,"Abhilasha Shikshan Sansthan, Sandwa",-,Churu
Acharya Nanesh Academy,1730575,"Nanesh Nagar, Danta",312202,1476,287257,9928355026,01476-287206,principal.ana@gmail.com,http://www.asnsm.com,2008,Prakash Kumar Vaishnav,Senior Secondary,Acharya Shri Nanesh Takniki Shiksha Samiti,-,Chittorgarh
A's Saint Steward Morris School,1730371,"B Sector, Pathik Nagar,bhilwara  (raj)",311001,91,9783323555,1482264580,-,stewardmorris@gmail.com,-,2000,Shashi Prabha Sharma,Senior Secondary,A's Shanti Educational Society,-,Bhilwara
Adarsh Gyan Mandir Senior Secondary School,1730965,"1-block,sector-d, Shrinathpuram",324010,-,07442429207,-,7442429207,adarshgyanmandir.d1@gmail.com,http://www.adarshgyanmandir.com,1988,Mrs. Nisha Gautam,Senior Secondary,Adarsh Gyan Mandir Vidyalaya Samiti Kota,-,Kota
Adarsh Indian Public Secondary School,1730581,"C/o Adarsh Indian Public Secondary School, Deoli, Tonk, Rajasthan-304804",304804,1434,01434219900,-,1434232646,mohitagrawal40@gmail.com,http://www.aipsdeoli.org,-,Mrs. Monia Jain,Senior Secondary,-,-,Tonk
A N Public Secondary School,1730345,"Radha Swami Bagh , Chomu, Distt Jaipur, Rajasthan",303702,1423,205205,-,-,amrishsharma.edu@gmail.com,-,1997,Amrish Kumar Sharma,Senior Secondary,A N Public Shiksha Samity,-,Jaipur
"Adarsh International School,Taranagar",1730831,"Rajgarh Road, Taranagar",331304,-,9414570211,-,9414570211,adarshschool0001@gmail.com,http://www.aistaranagar.com,2011,Mrs. Parmila,Senior Secondary,Adarsh Mahila Shikshan Sansthan Taranagar,-,Churu
Adarsh Navodaya Shikshan Sansthan Sr. Sec. School,1731003,"Morra Road, Ganesh Nada",341510,-,01590211231,-,-,anssmerta@gmail.com,http://www.adarshnavodayagroup.org,2004,Mr. Gajendra Singh Deval,Senior Secondary,Adarsh Navodaya Shikshan Sansthan,-,Nagaur
Adarsh Vidya Mandir,1730119,"Shankar Vidya Peeth, Mount Abu, Rajasthan",307501,2974,"235370, 235142",-,-,dheerajshipra@gmail.com,-,1989,Dheeraj Kumar Sharma,Senior Secondary,School Managing Committee,-,Sirohi
Aakanksha International School-The Gurukul,1730392,"Mundwa Road, Distt Nagaur, Rajasthan",341001,1582,9414484177,-,01582-240229,AISTHEGURUKUL2007@REDIFFMAIL.COM,http://www.thegurukulnagaur.online,-,Mr. Yogesh Chandra Sharma,Senior Secondary,-,-,Nagaur
Adinath Public School,1730397,"11, Gandhi Nagar ,       Scheme No-8",301001,144,2335708,01392-295300,-,adinath.family@rediffmail.com,-,2005,Nitish Mishra,Senior Secondary,"Shri Adinath Jain Shikshan Sansthan, Alwar",-,Alwar
Aditi Global Academy,1730913,Athwas,332401,-,01571-288541,-,-,aditiglobal16@gmail.com,http://www.aditiglobalacademy.com/,2016,Mrs. Anita Choudhary,Secondary School,Marudhara Shikshan Sansthan,-,Sikar
Aditya Birla Public School,1730140,Khariya Khangar Teh Bhopalgarh Distt. Jodhpur Rajasthan,342606,2920,262356,2920264324,292026425,smita.sahi@adityabirla.com,http://www.birlawhite.com,1979,Smita Sahi,Senior Secondary,Birla White  Edn.society,-,Jodhpur
Aditya Birla Public School Nathdwara,1730145,Binanigram Pindwada Tehsil Sirohi Distt Rajasthan,307031,2971,02971235189,-,111704,taniruddha29@gmail.com,http://www.pbps.co.in,-,Mr. Aniruddha Tiwari,Senior Secondary,"Ultra Tech Community Welfare Foundation, Andheri East, Mumbai",-,Sirohi
"Adrash Vidya Mandir Mandawa, Jhunjhunu",1730508,Vill/post- Mandawa,333704,159,223552,-,-,mukeshsamota03@gmail.com,-,2006,Mukesh Kumar Swami,Senior Secondary,Adrash Vidya Mandir Samiti,-,Jhunjhunu
Adarsh Vidyalaya,1731099,Ranakpur Road Sadri,306702,-,8800511816,-,-,principalav@gmail.com,www.skmsadri.org,2013,Mrs. Hemlata,Secondary School,Shree Khetlaji Mandal Sadri,-,Pali
Aegis International School,1730620,"Dorasar, Jhunjhunu, Rajasthan",333021,1594,01594266041,-,1594266042,aegisinternationalschool@gmail.com,http://www.aegisinternationalschool.org,2011,Mrs. Nitu Sharma,Senior Secondary,Aegis Academic Development Welfare Society,-,Jhunjhunu
Air Fce School,1780006,A F S  Old Pali Road Jodhpur Rajasthan,342001,291,2670104,9314284310,2670104,afschooljodhpur@yahoo.com,-,1983,Nidhi W Kashyap,Senior Secondary,Chairman School Management Committe,-,Jodhpur
Air Fce Children School,1780008,Jaisalmer Air Fce Station Rajasthan,345001,2992,02992256027,-,2370670,afs_jaisalmer@rediffmail.com,www.afschooljaisalmer.com,1980,Mrs. Maya Rathe,Senior Secondary,Iaf Educational & Cultural Society,-,Jaisalmer
Air Force School,1780005,A F S Well Road Bikaner Rajasthan,334001,-,3651,2344,-,-,-,1974,Mrs S Kaushik,Senior Secondary,Air Force Station Well Road Bikaner,-,Bikaner
"Ajeet Public Secondary School,Tijara",1730800,"Ajit Public School,teh-tijara,dis-alwar(raj.),pin Code-301411",301411,1469,01469-262257,-,-,ajitpublicschool@gmail.com,http://www.ajeetpublicschool.co.in,2009,Mrs. Payal Jain,Senior Secondary,"A P Jain Bal Evam Mahila Kalyan Vikas Samiti, Tijara",-,Alwar
Air Fce School,1780009,Kanak Ghati Amer Road Jaipur Rajasthan,302002,141,2671927,47060,-,bhatiseema@hotmail.com,www.vmpsonline.com,1988,Seema Bhati,Senior Secondary,Bayyana Narendrar,-,Jaipur
Akal Academy,1730688,"Vpo Kamrani, Tibbi Road Kamrani, Tehsil Tibbi, Distt. Hanumangarh, Rajasthan-335513",335513,1539,211515,-,-,aakamrani@akalacademy.ac.in,-,2009,Sukhjit Kaur,Secondary School,"The Kalgidhar Trust, Baru Sahib (hp)",-,Hanumangarh
Akal Academy,1730714,"31bb Padampur, Vpo 4jj, Tehsil Padampur, Distt. Sri Gaganagar, Rajasthan-335024",335041,1505,01505210174,-,-,khemsg@yahoo.co.in,-,2008,Mrs.sukhwinder Kaur,Senior Secondary,"The Kalgidhar Trust, Baru Sahib",-,Sri Ganganagar
Akal Academy Sri Ganganagar,1730936,"Ganganagar, Village 10-z, P.o Ganganagar, Tehsil & District Ganganagar (rajasthan) - 335001",335001,-,9875987312,-,-,KHEMSG@YAHOO.CO.IN,-,2012,Mrs. Navjot Kaur,Secondary School,"The Kalgidhar Trust, Baru Sahib",-,Sri Ganganagar
Akashdeep Public School,1730167,"Sector-11, Agarwal Farm, Mansarovar,",302020,141,9414322500,-,1412398624,archisharma484@gmail.com,akashdeepschool.in,2001,Ms.archana Sharma,Senior Secondary,Janta Shiksha Samiti,-,Jaipur
Aklank Day Boarding Cum Residential School,1730586,"N H -12, Mandana, Kota",325003,744,000000,-,-,pnmjn@rediffmail.com,http://www.aklankeducation.com,2009,Poonam Jain,Senior Secondary,Aklank Vidyalaya Association,-,Kota
Akshay Public School,1730940,"Ujjwal Vihar, Borekhera, Baran Road",324001,-,07442329715,-,7442329715,akshayschoolkota@gmail.com,http://www.apskotaedu.co.in,2018,Mrs. Pooja Mehta,Senior Secondary,Arihant Educational And Welfare Trust Kota,-,Kota
Aklank Pub School,1730141,Basant Vihar Kota Rajasthan,324009,744,2400866,-,-,jainpankaj971@gmail.com,-,1978,Pankaj Jain,Senior Secondary,Aklank Vidyalaya Association,-,Kota
All Best Childrens School,1730978,Opp. Shekhawati Nagar Road No 14 Macheda Sikar Road Vki Jaipur,302013,-,9829628481,-,-,abcschooljaipur@gmail.com,http://www.abcschooljaipur.com,2012,Mrs. Alka Sharma,Senior Secondary,All Best Education Society,-,Jaipur
All Saint Senior Higher Secondary School,1730848,"Chandervardai Nagar, Ajmer",305001,-,9461205394,-,-,poonamminzmailbox@rediffmail.com,http://www.allsaintsschoolcngr.org/,2013,Mrs. Poonam Minz,Senior Secondary,All Saints Educational Society,-,Ajmer
All Saints International School,1730361,"Vill. Hasanpur, Near Gailpur,tehsil Tijara",-,149,9694466612,6756223045,-,RK_RAJEEV@YAHOO.COM,-,2005,Renu Uberoi,Senior Secondary,Nirmal Kumar Khanna Memial Educational  Society,-,Alwar
All Saints' Church Sr. Sec. School,1731096,"Mirza Ismail Road, Jaipur",302001,-,01412373932,-,-,ascs.cbse@gmail.com,www.allsaintschurchschool.in,-,Vinita John,Senior Secondary,All Saints Church Shiksha Samiti,-,Jaipur
Alok School,1730193,Shiv Nagar Colony Jawad Bye Pass Road Rajsamand Rajasthan,832108,2952,224225,223662,223801,lalitgoswami27.11@gmail.com,-,2001,Lalit Puri Goswami,Senior Secondary,Rashtriya Shiksha Society,-,Rajasmand
Alok School,1730570,"Village- Surajpole, Tehsil-eral",312001,1472,205821,-,-,sunil.tripathi987@gmail.com,http://www.alokschool.org,2010,Sunil Tripathi,Senior Secondary,Rashtriya Shiksha Samiti,-,Chittorgarh
Alpha Academy,1730882,"Jai Bhawani Pura Near Nakti Mata Temple, Nimera",302041,-,01416565111,-,-,11230@cbseshiksha.in,www.alphaacademy.co.in,2016,Mr. Jagdish Prasad Choudhary,Senior Secondary,Alpha Academy Educational Society,-,Jaipur
Alok Senior Secondary School,1730007,Hiran Magri Sectro 11 Udaipur Rajasthan,313001,294,2583488,9414158880,-,staunk@alokschool.org,-,1976,Shashank Taunk,Senior Secondary,Alok Prabandha Samiti,-,Udaipur
Alpha International Academy,1730615,"Kataria Farm House, Sirsi Road , Jaipur",302034,141,2470195,7615838910,0141-2470195,alphainternationalacademy@gmail.com,http://www.aiajaipur.com,2008,Suman Sharma,Senior Secondary,"Alpha International Academy Shiksha Samiti, Jaipur",-,Jaipur
All Saints Sr Sec School,1730246,Near Railway Hospital Beawar Road Ajmer Rajasthan,305001,145,"2461536, 2463222",2460954,-,jayakumarajmer@gmail.com,-,1994,Jaya Kumar,Senior Secondary,All Saints Educational Society,-,Ajmer
Alwar Public School,1730013,6th K M Stone Rajgarh Road Alwar Rajasthan,301001,144,"8875160500, 21677",-,-,jain.preeta3@gmail.com,-,1978,Preeta Jain,Senior Secondary,Shankar Lal Memorial Trust,-,Alwar
Ambuja Public School,1730271,Ambuja Township Post Rabrivawas Teh Jaitaran Distt Pali Rajasthan,306709,2939,288022,2939288022,2939288021,ipsita.choudhary.ext@ambujacement.com,-,2000,Ipsita Choudhury,Senior Secondary,Ambuja Public School Sansthan,-,Pali
Ambition Public School,1730740,"Village- 15 Sgr, P.o.- Sardarpura Bika, Tehsil- Suratgarh, Dist.- Sgnr",335804,-,8946828321,-,-,virenderpunia20@gmail.com,http://www.aps15sgrsuratgarh.com,2012,Virender Singh Punia,Secondary School,"Ambition Shikshan Samiti, 15 Sgr",-,Sri Ganganagar
Amit Bolia Vidhya Niketan,1730507,"Amit Bolia Marg, Sahada Choraya, Gangapur",311801,1481,220101,-,-,principalabvn@gmail.com,http://www.amitbolia.com,1993,Joseph V M,Secondary School,Amit Bolia Public Chartiable Trust,-,Bhilwara
American International School,1730257,"Krishna Nagar, Muhana Road Opp V T Road New Sanganer Road Mansarover Jaipur Rajasthan",302020,141,6540994,0141-3253371,2780867,aisjaipur@yahoo.co.in,http://www.americanintern,1989,Mr. Prateek Saxena,Senior Secondary,Sunrise Bal Shiksha Samiti,-,Jaipur
Amrit Vidya Ashram,1730580,In Front Of Amritnath Ashram Sikar,332301,1571,222694,-,-,avafatehpur@gmail.com,-,2009,Awatar Singh,Senior Secondary,Amrit Vidya Ashram Society,-,Sikar
Angel Public School,1730302,"Pwd Road Nohar Hanumangarh, Rajasthan",335523,1555,226928,2460535,2462100,angelpublicschool@gmail.com,-,1997,Mona Taneja,Secondary School,Smt Mohani Devi Somani Mem Trust,-,Hanumangarh
Alpha Beta School,1730356,"Sector 16, Pratap Nagar, Sangana, Jaipur, Rajasthan",303606,91,"8058799706,8058799702",-,-,abspratapnagar@gmail.com,-,2011,Mr Ajay Vijayvargi,Senior Secondary,Helix Educational Society,-,Jaipur
Ankur Shikshan Sansthan,1730402,"Ratlam Road, Banswara, Rajasthan",327001,2962,243002,9414103326,0141-2762864,saraf.raksha@gmail.com,http://www.vidyasthali.com,2007,Raksha Saraf,Senior Secondary,Bhartiya Samajik Vikas Samiti,-,Banswara
Apala School Of Education,1730335,"1-nhr-a Hisar Road Nohar, Distt Hanumangarh, Rajasthan",335523,1555,221340,7442502321,-,NHRMAHESHNHR@GMAIL.COM,-,2004,Feroz Khan Pathan,Senior Secondary,Apala Welfare And Education Society,-,Hanumangarh
Apex International School,1730076,Lal Kothi Scheme Tonk Road Jaipur Rajasthan,302015,141,2742095,27247230,0135 2629033,principal@apexedu.org,-,1962,Anku Mangwana,Senior Secondary,Sabjay Bal Niketan Soc. Jaipur Raj,-,Jaipur
Apex International School,1730943,"Nh 27, Near Police Lines Road, Baran",325205,-,07453234422,-,-,apexinternational.brn@gmail.com,-,2017,Mr. Hitesh Kumar Jain,Secondary School,Apex World Research And Education Foundation,-,Baran
Anand Vidya Mandir Ucha Madhyamik Vidyalaya,1730656,Plot No 447rundiya Nagar In Front Of Cimmco,321001,5644,7062288990,-,-,mishra.neeraj.kr@gmail.com,http://www.anandvidyamandir.org,1980,Neeraj Kumar Mishra,Senior Secondary,Anand Vidya Mandir Samiti,-,Bharatpur
Aravali Public School,1730448,"Badiyal Khurd, Bandikui, Distt Dausa, Rajasthan",303313,1420,691567,-,-,apsrajasthan@gmail.com,-,2005,Amrendra Kumar,Senior Secondary,Aspaarsh Welfare Society,-,Dausa
Arcadia Academy,1730216,Sector B Ramakrishan Puram Kota Rajasthan,324005,744,"2470979, 2428284",33204,-,arcadiacademy@gmail.com,-,1996,Lata Kothari,Secondary School,Arcadia Academy Society,-,Kota
Aravali Public School,1730284,Sp-1 Riico Industrial Area Neem Ka Thana Distt Sikar Rajasthan,332713,1574,232709,230831,-,aravalinkt@yahoo.co.in,-,1985,Sunita Rohilan,Senior Secondary,Aravali Shikshan Avam A Sansthan,-,Sikar
Apex Public School,1730557,"5 Bhd, Nohar Sirsa Bypass, Bhadra Hanumangarh Rajasthan",335501,1504,224074,-,-,apsbhadra2009@gmail.com,-,2009,Sushil Kumar,Secondary School,Apex Shikshan Sansthan,-,Hanumangarh
Chinar Public School,1730036,Vill Liwari Jaipur Road Alwar Rajasthan,301001,144,"2886263,9672374499,2886264, 2886264",-,-,principal@chinarschool.in,http://www.chinarschool.in,-,Mrs. Rachna Kathpalia,Senior Secondary,-,-,Alwar
Chitrakoot Public School And Research Centre,1730398,"Nh-11, Sujawas Road, Giyan, Distt Sikar, Rajasthan",332403,1572,222202,9431132086,-,info.chitrakoot@gmail.com,-,2006,Ashish Jangir,Senior Secondary,B.p Angles' Group Of Educational Society,-,Sikar
Cosmo Public School,1730909,"Chak 8 - O Gram Panchayat 3 - O,sri Karanpur",335073,-,01501250013,-,-,COSMOPUBLICSCHOOL2017@GMAIL.COM,WWW.COSMOPUBLICSCHOOL.COM,2017,Mr. Kulbeer Singh Thakur,Senior Secondary,Cosmo Shikshan Sansthan,-,Sri Ganganagar
Choudhary Gharsiram Public School,1730514,"National Highway No-11,laxmangarh , Sikar",332311,1573,225521,-,-,cgpslaxmangarh@gmail.com,-,2009,Shyam Sunder Joshi,Senior Secondary,Choudhary Gharsiram Memorial Shikshan Sansthan,-,Sikar
D A V Acc Public School,1730022,Ishwar Nagar Lakheri Distt Bundi Rajasthan,323603,7438,261512,42,0591-2411864,anju.utreja@gmail.com,-,1983,Anju Utreja,Senior Secondary,Dav College Managing Committee N D,-,Bundi
D.A.V. Centenary Public School,1730623,"46 F Mouran, Sri Karanpur, Sri Ganganagar,",335073,1501,227500,-,-,dav_skp@yahoo.com,www.davkaranpur.com,2005,Mrs. Harjit Kour,Senior Secondary,D.a.v.shikshan Samiti,-,Sri Ganganagar
D V M Public School,1730323,"Narnul Road, Behror, Distt Alwar",301701,1494,512490,6562290398,222210,josebinoyjose@yahoo.com,-,1998,Binoy  T Jose,Senior Secondary,Jyoti Prakash Educational Trust,-,Alwar
D.A.V. Hzl Sr. Secondary School,1730592,"Rajpura Dariba, Dist.rajsamand",313211,2952,9950285343,-,02952-265130,principal.dav@vedanta.co.in,-,2010,Arunesh Saxena,Senior Secondary,D.a.v College Trust And Management Society,-,Rajasmand
D.K. Gupta Memorial School,1731098,"Jobner, Jobner",303328,-,01425296961,-,-,dkmsg2021@gmail.com,https://dkgmschool.com/,-,Manju Thakur,Secondary School,D.k. Gupta Memorial Charitable Trust,-,Jaipur
Clr Public School,1730456,"Delhi Road,pilani, Distt Jhunjhunu, Rajasthan",333031,1596,246523,-,-,clrpublicschool@gmail.com,-,2004,Shevani Singh,Senior Secondary,"Chaudhary Laduram Education Society, Pilani",-,Jhunjhunu
Daffodils World School,1730461,"Jeevan Nagar,sanwali Road Via Bajaj Gram Sanwali,sikar",332021,1572,01572274168,-,-,daffodilsworldschool@yahoo.com,http://www.daffodilsworldschool.com,-,Mrs. Anju,Senior Secondary,-,-,Sikar
Daisy Days International School,1730932,Nh 68 Baldev Nagar Barmer (rajasthan,344001,-,02982227273,-,-,daisydaysschool@gmail.com,-,2015,Mrs. Mohini Choudhary,Secondary School,Jahanvi Sansthan Barmer,-,Barmer
Dalmia Vidya Mandir,1730422,Station Roadchirawa,333026,1596,220602,-,221103,dvmprincipal@dalmiatrusts.in,http://www.dalmiavidyamandir.education,2006,Mr. Shakti Singh,Senior Secondary,Shri Dalmia Shiksha Samiti,-,Jhunjhunu
Danial Mayo Secondary School,1730530,Sadokan Road H.o Timber Maket Nagaur,341001,1582,218628,23070537,-,ajikumar20@hotmail.com,-,2001,Rejimol R,Senior Secondary,Danialmayo Eduction Socity,-,Nagaur
Dasha  Humad Shikshan Sansthan,1731092,"Vill- Toraniya, Post- Bhiluda, Teh.- Sagwara, Distt- Dungarpur, Raj.",314031,-,02966254013,-,-,dhss.humadpuram@gmail.com,https://dhsshumadpuram.org/,-,Chaubisa Lalit L,Secondary School,Attharah Hazar Dasha Humad Sadhe Barah Mandir Bandiji Avam Chaukhla Sambandhi Digambar Jain Sansthan,-,Dungarpur
Dav Centenary Public School,1730205,Tibbi Road 15 Hmh Hanumangarh Town Rajasthan,335513,1552,9816242690,254640,-,Pallavi0246@gmail.com,-,1986,Pallavi Arora,Senior Secondary,Dav College Trust & Mgmt Soc,-,Hanumangarh
Dav Centenary Public School,1730297,"Anoop Garh, Sri Gangangar Rajasthan",335701,1498,254725,01462-225545,-,jai123_pareek@yahoo.co.in,http://stpaulsbeawar.com,1981,Jaipal Pareek,Senior Secondary,Dav Centenary Pub Sch Edu Society,-,Sri Ganganagar
Dav Centenary Public School,1730308,"Opp Nagarpalika, Sadulshahar, Sri Ganganagar, Rajasthan",335062,1503,"222111, 222111",1542440102,154244039,neerajyadav1977@gmail.com,-,1976,Neeraj Kumar Yadav,Senior Secondary,Director General B S F,-,Sri Ganganagar
"Dav Hzl Sr.Secondary School, Zawar Mines, Udaipur",1730723,Po-zawar Mines,313901,294,02942726079,22267175,-,davhzlzm@gmail.com,-,2014,Mr.harbans Singh,Senior Secondary,"Dav College Managing Committee, New Delhi",-,Udaipur
"Dav Kalisindh Thermal Public School, Jhalawar",1720143,"Katpp Township Area, Gram-undal, Teh-jhalarapatan, District- Jhalawar, Rajasthan- 326 023",326023,135,07432243041,-,-,davkatpp@gmail.com,http://www.davkatpp.org,2015,Mr. Harish Pal,Senior Secondary,"Dav College Trust And Managing Society , Chitra Gupta Road, New Delhi",-,Jhalawar
Dav Public School,1730638,Narnaul-behror Road Behror,301701,-,01494297754,-,-,omrpg11@gmail.com,-,1995,Mr.rajendra Prasad,Senior Secondary,Dav College Turest & Management Society,-,Alwar
Dav Public School,1730056,Sector C Talwandi Kota Rajasthan,324005,744,2405992,0744-2406118,2405018,saritaranjan2010@rediffmail.com,http://www.davkota.org,1985,Sarita Ranjan Gautam,Senior Secondary,D A V College M C,-,Kota
Dav Centenary Public School,1730059,"G-9, Meel Padam Sarover Marg Opp C Block Near Aamrpali Circle Vaishali Nagar Jaipur Rajasthan Rajasthan",302012,141,"2351248, 235361",2351585,2356361,davjaipur1987@gmail.com,-,1987,Ashok Kumar Sharma,Senior Secondary,D A V College Managing Committee,-,Jaipur
Dayanand Bal Niketan Senior Secondry School,1731014,"Beawar Road , Ramganj, Ajmer",305001,-,01452693800,-,-,dbnschool.ajmer@gmail.com,http://dbnajmer.com,1975,Mr. Navneet Thakur,Senior Secondary,Dayanand Anglow Vedic College Trust & Management,-,Ajmer
Dayanand Paradise School,1730923,"Dayanand Vidyapeeth Campus, Rishikesh Road, Umarani",307510,-,09887008563,-,-,dayanandparadise@gmail.com,http://www.dayanandparadise.com,2017,Mrs. Monika Sharma,Secondary School,Arya Samaj Shikshan Sansthan Aburoad,-,Sirohi
Dayanand Public School,1730211,Nh-15 13 Km Stone Sri Ganga Nagar Road Bikaner Rajasthan,334001,151,3292102,2.73E+16,-,dpsbkn2017@gmail.com,http://www.saraswatimoder,2003,Vishwajeet Gaur,Senior Secondary,Maharishi Dayanand Manav Seva Sangh,-,Bikaner
Decent School,1730566,"Decent School, Rajnagar, Kota",324002,744,07442381257,-,7442381257,decentkota@yahoo.co.in,http://www.decentschoolkota.com,-,Mrs. Veena Jain,Senior Secondary,-,-,Kota
Dcs International School,1730648,"Raghunathpura,(ratlya), Diggi Road,",302029,-,9571954888,-,0141-3237538,dcsschool11@gmail.com,http://www.dcsintschool.com,2011,Rajesh Sharma,Senior Secondary,Shri Krishana Bhagwan Shiksha Samiti,-,Jaipur
Dav Centenary Public School,1730155,Adarsh Nagar Purani Chungi Chowki Nasirabad Road Ajmer  Rajashthan,305001,145,2441242,5131750,2683125,mpsingh1271@gmail.com,-,1994,Mahendra Pal Singh,Senior Secondary,Arya Samaj Edu Soc,-,Ajmer
Deeksha International School,1730719,"Behind Mataji Temple, Udaipur State Highway, Kapasan",312202,1476,01476230003,-,01476-230167,deekshainternationals@gmail.com,WWW.DISKAPASAN,2012,Mr. Aarif Khan,Senior Secondary,"Deeksha Creations Society, Udaipur(raj.)",-,Chittorgarh
Defence Public School,1730116,"E-block, Vaishali Nagar E-amrapali Circle Jaipur Rajasthan",302021,141,2355572,1412350676,2350676,meetuanuvrat@gmail.com,http://www.dpsjpr.com,1977,Meetu Sharma,Senior Secondary,Sri Mahaa Muniyappan Educational Trust,-,Jaipur
Defence Secondary School,1730175,Balupura Road Adarsh Nagar Ajmer Rajasthan,305008,145,441103,440105,-,stpaulscor@yahoo.co.in,-,1976,Mrs Manju Mathuria,Secondary School,Raghukul Shiksha Samiti,-,Ajmer
Delhi Public School,1730443,"Shriram Vatika, Jaipur Road, Alwar, Rajasthan",301001,6531,9887668700,-,0144-2340891,dps_alwar@yahoo.in,dps_alwar@yahoo.com,2007,Pradeep Kumar,Senior Secondary,"Kartik Shiksha Samiti, Alwar",-,Alwar
Delhi  Public Senior Secondary School,1730883,"Near Nakoda, Nakoda Road, Balotra,                    Dist Barmer Rajsthan-344022",344022,-,7230059901,-,7230059901,preducationindia6@gmail.com,http://www.dpsbalotra.com,2017,Mrs. Sunila Chowdhary,Senior Secondary,Navkar Shikshan Sansthan,-,Barmer
Delhi Public International School,1730504,Bikaner Rajasthan,334001,151,"o151-2233389, 09251499340, 09460965465",-,0151-2233353,gauravchirawa@gmail.com,http://www.dpsbikaner.net,2009,Gaurav Dubey,Senior Secondary,Knowledge Education Foundation,-,Bikaner
Delhi Public School,1730419,"Nh-11, Near Sewar Bridge",301001,564,258221,9414017835,"0141-2250187, 2251249",dpsbharatpur2008@gmail.com,http://www.chandrawatigurukul.com,2008,Jitendra Kumar Sharma,Senior Secondary,K.b.s. Education Trust,-,Bharatpur
Deep International School,1730272,Main Shipra Path Mansarovar Jaipur Rajasthan,301001,141,2390450,2731032,08258- 281465,nsamemhs@yahoo.com,http://www.nitte.ac.in,1966,Ms Soni Sharma,Secondary School,Shri Kundal Lal Memorial Edu Soc,-,Jaipur
Delhi Public School,1730670,"Near Kudi Haud, Pali Road, Nh-65, Jodhpur",342005,291,2728042,-,0291-2610877,principal@dpsjodhpur.org,-,2014,Niharika Chopra,Senior Secondary,"Rajasthan Vikas Sansthan, Jodhpur",-,Jodhpur
Delhi Public School,1730217,Jaipur Ajmer Highway Bhunkrota Jaipur Rajasthan,303011,91,"8290565656, 2250927",-,1412250927,jaipurdps@gmail.com,http://www.dpsjaipur.com,-,Ms.rita P Taneja,Senior Secondary,-,-,Jaipur
Delhi Public School,1730156,Bye Pass Road Pal Jodhpur Rajasthan,342001,291,"2766887, 747850",31098,747840,principal@dpsjodhpur.in,-,1998,B S Yadav,Senior Secondary,Dps Soc,-,Jodhpur
Delhi Public School,1730984,"Delhi Public School, Gudha Road, Near Mukurpura Crossing, Bandikui",303313,-,85955924288,-,-,dpssbandikui@gmail.com,www.dpssbandikui.com,2018,Mrs. Pooja Pareek,Secondary School,Jhaboo Devi Charitable Trust,-,Dausa
Delhi Public School,1730879,"Jaipur-ajmer Road, Opposite Punagarh Mataji Temple, Nh 162, Pali, Rajasthan",306401,-,9116126001,-,-,delhipublicschoolpali@gmail.com,http://www.dpsschoolpali.in,2017,Mrs. Divyakrishnan M,Senior Secondary,A K Shikshan Sodh Evm Vikas Sansthan Jodhpur,-,Pali
Delhi Public School International,1730991,"Village Bureda, Tapukara, Bhiwadi",301707,-,9414706369,-,-,dpsbhiwadi@rediffmail.com,http://dpsinternational.info/,2016,Mrs. Mukta,Secondary School,Delhi Public School International Educational Trust,-,Alwar
Delhi Public School Jhunjhunu,1730611,"Mandrella Road, Jhunjhunu",333001,1592,01592206477,-,-,infodpsjjn@gmail.com,http://www.dpsjhunjhunu.edu.in,-,Mrs. Meenakshi Sharma,Senior Secondary,-,-,Jhunjhunu
Delhi Public Sec. School,1730947,2 Km Stone Anoopgarh Road Suratgarh,335804,-,9875132174,-,1509223414,suratgarhdps@gmail.com,dpssuratgarh.com,2018,Mrs. Monika Dhiman,Secondary School,Nosegay Welfare Society,-,Sri Ganganagar
Delhi Public Senior Secondary School,1730876,"Mahesh Shikshan Sansthan Campus,langera Road,barmer",334401,-,9116114511,-,9116114511,educationindia724@gmail.com,http://www.dpsbarmer.com,2017,Mr. Prashant Sharma,Senior Secondary,Mahesh Shikshan Sansthan,-,Barmer
Delhi Public World International School,1731021,"10th Mile Stone, On Sikar - Kotputli - Delhi Highway, Sikar",332027,-,01572,-,-,dpwissikar@gmail.com,www.dpwis.com,2017,Mrs. Sarita Dotasara,Secondary School,P.r.m. Welfare Charitable Trust,-,Sikar
Delhi Public World School,1730896,"P.o.box 02,khairawa Road,pali-rajasthan",306401,-,02932-226604,-,-,cbse.dpwspali@gmail.com,http://www.dpwspali.com,2017,Mr. Amit Kohli,Secondary School,Shree Vijay Adarsh Vidya Mandir Samiti,-,Pali
Delhi Public World School,1730902,"Opposite Vasundra Vihar, Borakheri, Nimbahera",312601,-,9314845035,-,-,delhipublicworldschooln@gmail.com,www.dpwsnimbahera.com,2016,Mr. Michael Dsouza,Senior Secondary,Paras Education Society,-,Chittorgarh
Delhi Public World School,1730922,"Chirkhana - Sainthali Road, Alwar-bhiwadi Highway, Alwar",301001,-,8875029666,-,-,DPWSALWAR@GMAIL.COM,http://www.dpwsa.in,2018,Mrs. Pooja Chauhan,Secondary School,Bhagwan Shri Krishna Educational Foundation,-,Alwar
Delhi Public World School,1730928,"Near Janana Hospital,sikar Road, Ajmer.",305004,-,0145-2975000,-,-,delhipwschoolajmer2018@gmail.com,http://www.dpwsajmer.com,2018,Mr. Bhanu Pratap Pant,Secondary School,Ajmer Educational Trust,-,Ajmer
"Delhi Public School, Udaipur",1730336,"Bhuwanapratap Nagar Bye-passnh -8, Udaipur, Rajasthan-313001",313001,294,24420902,-,0294-2560710,sanjaynarvaria@gmail.com,http://www.mail2web.com,2004,Sanjay Narvaria,Senior Secondary,Mangalam Education Society,-,Udaipur
Delhi Public World School,1730954,"Nh-8, Village-kherki Mukkad, Paniyala Mor, Tehsil,kotputli, Dist- Jaipur (raj)",303108,-,01421-320000,-,01421-320000,sunita.sharma@delhipublicworldschool.com,http://www.delhipublicworldschool.com,2017,Mrs. Sunita Sharma,Senior Secondary,Arth Foundation,-,Jaipur
Demonstration Multipurpose School,1730024,(regional Institute Of Education) Pushkar Road Ajmer Rajasthan,305004,145,2643900,20320,220271,dmsrieajm@gmail.com,-,1964,D N Pandey,Senior Secondary,N C E R T New Delhi,-,Ajmer
Dharav High School,1731088,"Sector-6, , Vidhyadhar Nagar",302039,-,09116378333,-,-,dharavhighschool@gmail.com,www.dharavhighschool.org,-,Seema Sehajpal,Secondary School,Champa Devi Jaipuria Charitable Trust,-,Jaipur
Diamond Academy,1730901,Saran Nagar Banar Road Jodhpur,342015,-,0291511677,-,-,drsrchoudhary@gmail.com,www.diamondacademyjodhpur.com,2007,Mr. Dilip,Senior Secondary,Shri Hariram Shiksham Sansthan,-,Jodhpur
Discovery International School,1730683,"Nh-8, Pragpura - Paota Kotputli",303107,1421,8852900997,-,8852900997,dispaota@gmail.com,http://www.discoveryinternationalschool.in,2012,Uma Yadav,Senior Secondary,Rao Bularam Education & Social Development Society,-,Jaipur
Disha Delphi Public School,1730604,"Sect-a, R K Puram, Ladpura, Kota",324005,744,2472267,-,7443195222,ipdubey@gmail.com,http://www.ddps.ac.in,2011,Indra Prakash Dubey,Senior Secondary,Disha Delphi Educational Society,-,Kota
Divine International Girls School,1730887,"Jjn-gudha Road Km 6th Chanderpura Stand, Jhunjhunu",333001,-,297232,-,-,digsjjn@gmail.com,digsjjn.com,2017,Mrs. Ashu Singh,Senior Secondary,R.k. Memorial Shikshan Sansthan,-,Jhunjhunu
Divine International School,1730531,"N.h.68,tharad Road,sanchore",343041,2979,02979-285188,-,02979-285888,divineschool10@gmail.com,http://www.divineschool.in,-,Mr. Harish Choudhary,Senior Secondary,-,-,Jalaure
Bhuvnesh Bal Vidyalaya,1730805,Kota-baran National Highway Kota Rajasthan,324001,744,2451047,-,0744-2451048,principalbalvidyalaya@gmail.com,http://www.balhit.ac.in,1974,Pratibha Raaj Gupta,Senior Secondary,Bal Hitkari Samiti,-,Kota
Bhopal Noble's Public School,1730184,Old Station Road B N Campus Udaipur Rajasthan,313001,294,"2426018, 2420916",2461432,-,bnpublicudaipur@rediffmail.com,-,1971,Lal Singh Shaktawat,Senior Secondary,Vidya Pracharini Sabher Udaipur,-,Udaipur
Bikaner Boys School,1730011,Sagar Road Bikaner Rajasthan,334001,151,"2231136, 231148",231170,-,smenachery@gmail.com,-,1969,Fr Shibu Varghese,Senior Secondary,R C Diocesan Edn Society Ajmer,-,Bikaner
Bihani Childerns Academy,1730128,Sriganga Nagar Gaganpath Jawahar Nagar Sriganga Nagar Rajasthan,335001,154,2460807,2.46E+16,2464504,bihanisgnr_001@yahoo.com,www.bihanieducationtrust.,1989,Mr. Deepak Pathak,Senior Secondary,Seth G L Bihani S D Siksha Trust,-,Sri Ganganagar
Birla Balika Vidyapeeth,1730010,P O Pilani Jhunjhunu Distt Rajasthan,333031,1596,242548,9352575757,245484,principal@bbvpilani.edu.in,http://www.bbvpilani.com,1941,M Kasturi,Senior Secondary,Birla Education Trust,-,Jhunjhunu
Birla International School Kishangarh,1730551,"82 Km Milestone, Jaipur- Ajmer Highway Nh8, P.o.bander Sindiri, Madanganj - Kishangarh Dist. Ajmer- 305001",305001,1463,302500,-,1463302772,bisk.principal@gmail.com,http://www.birlainternationalschool.com,1929,Sanjay Tiwari,Senior Secondary,Birla Education Trust,-,Ajmer
Birla Public School Ganganagar,1730974,"Chak 3hh,suratgarh Road, Sriganganagar",335001,-,2467000,-,-,Hm@bpsganganagar.com,http://www.bpsganganagar.com/,2019,Mrs. Babita Singh,Secondary School,Birla Education Trust,-,Sri Ganganagar
Birla School,1730009,Pilani Jhunjhunu Distt Rajasthan,333031,1596,242113,2244,-,principal@birlaschoolpilani.edu.in,-,1901,Mr. Dhirendra Singh,Senior Secondary,Birla Education Trust Pilani,-,Jhunjhunu
Birla Shishu Vihar Vidya Vihar,1730263,Pilani Distt Jhunjhunu Rajasthan,333031,1596,01596242208,-,244869,principal@bsvpilani.edu.in,https://www.bsvpilani.edu.in/,1953,Mr. Pavan Vashishtha,Senior Secondary,"Birla Education Trust,pilani",-,Jhunjhunu
Birla Shiksha Kendra,1730105,Madhar Nagar Chittgarh Rajasthan,312021,1472,255711,256730,-,guptasanjay1962@gmail.com,-,1989,Sanjay Gupta,Senior Secondary,Gegian Educational And Charitable Trust,-,Chittorgarh
Blooming Dales International School,1730455,"2 M.l., Nathwala, Hanumangarh Road, Distt Sriganganagar, Rajasthan",335001,154,2461423,-,1542461421,bdismeetusharma@gmail.com,http://www.bdissgnr.org,2009,Meetu Sharma,Senior Secondary,Bharti Charitable Trust,-,Sri Ganganagar
Blossom Academy,1730524,"Anoopgarh Road, Manaksar",335804,1509,01509223471,-,-,blossom.academysog@gmail.com,www.blossomacademy.in,2004,Mrs. Hema Mendiratta,Secondary School,Blossom Educational And Welfare Trust,-,Sri Ganganagar
Bombay World School,1730949,"Vp-padasoli, Nh-8,dudu, Jaipur. 303008",303008,-,9829051874,-,-,bwsdudu@gmail.com,www.bombayworldschool.org,2018,Mrs. Sunita Dayma,Senior Secondary,Biff & Bright Welfare Society,-,Jaipur
Blue Mount International Sec. School,1731033,Village 10 Blm(a) Bilochiya,335704,-,01498230411,-,-,bluemountschool123@gmail.com,www.bluemountsbnr.com,2015,Mr. Vikram Singh,Secondary School,Bluemount Public School Management Committee,-,Sri Ganganagar
Bodhi International School,1730791,"Shikargarh, Mini Market Road",342015,-,02912970100,-,-,info@bodhijodhpur.com,www.bodhijodhpur.com,2014,Mrs. Chetna Sabharwal,Senior Secondary,Gurudev Kamal Vijay Memorial Society,-,Jodhpur
Brigadier Zabar Singh Senior Secondary Public School Bjs Jodhpur,1731031,Bzs Colony Jodhpur,342006,-,0291,-,-,omprakashp@centralacademy.ac.in,-,1986,Mrs. Pushpendra Rathore,Senior Secondary,Brigadier Zabar Singh Educational Society Jodhpur,-,Jodhpur
Bright India Public School,1730498,"70, Defence Colony Foysagar Road Ajmer 305005",305005,145,2600013,67040,1452600745,dhaval10ajmer@gmail.com,-,2010,Dinesh Kumar Mathur,Senior Secondary,Bright India Public School Shiksha Samiti,-,Ajmer
Bright Moon Public School,1730668,"Khorashyam Das, Amer, Jaipur",303704,141,2337166,-,141,brightmooncbse@gmail.com,http://www.brightmoonschool.com,2010,Manisha Yadav,Senior Secondary,"Brightmoon Shiksha Samiti, Jaipur",-,Jaipur
Brightland Girls Sr Sec School,1730213,C Block Vaishali Marg Vaishali Nagar Jaipur Rajasthan,302021,141,"2351041, 2350831",2352543,-,brightlandsgirls@gmail.com,-,1963,Mrs Lakshmi Menon,Senior Secondary,Brightlands Educational Society,-,Jaipur
Brightlands Convent School,1730478,"Padampur By Pass,opp Radhaswami Dera, 4 Ml",335001,-,01542460120,-,1542474689,lalitdoda_65@rediffmail.com,-,1996,Leena Gumber,Senior Secondary,Brightlands Convent Prabandh Samiti,-,Sri Ganganagar
"Brmr Sen Sec School, Sheopura",1730763,Village- Sheopurapo-laseri Tehsil- Rajgarhdistt- Chururajasthan,331023,1559,9813527301,-,-,brmr.school@gmail.com,http://www.brmrschool.com,-,Mr. Ajay Pal,Senior Secondary,-,-,Churu
Bsn Academy,1730417,Nanta (kunari),324009,744,6375626263,-,0744-3208080,BSNACAD@GMAIL.COM,WWW.BSNACADEMY.EDU.IN,2006,Mr. Anil Kumawat,Senior Secondary,"Bhartiya Shiksha Avam Anusandhan Samiti, Nayapura, Kota",-,Kota
C J R M Public School,1730590,"Gajsar, Bhaleri  Road Churu",331001,-,01562-219363,-,-,cjrmps@gmail.com,-,2009,Mrs.sarita,Senior Secondary,Choudhary Jagana Ram Mahiya Shikshan Sansthan,-,Churu
Calorx Public School,1730877,"Plot No. 5, Sector-28, Pratapnagar, Sanganer, Jaipur",302033,149,01412973768,-,-,calorxps@rediffmail.com,-,2014,Missanku Mangwana,Secondary School,Laxmi Gupta Charitable Trust,-,Jaipur
Cambridge Court High School,1730203,"Sector-8, Aravali Marg, Madhyam Marg, Mansarovar, Jaipur",302020,141,"2783628,2483633, 2483633",-,6542253007,cambridgecourtgroup@gmail.com,http://www.cambridgecourtgroup.com,-,Mrs. Lata Rawat,Senior Secondary,-,-,Jaipur
Cambridge Court World School,1730867,"Sector-3, Shipra Path, Varun Path, Mansarovar",302020,-,01412394874,-,-,cambridgecourtworldschool@gmail.com,cambridgecourtworldschool.org,2016,Mrs. Rashmi Israni,Senior Secondary,Krishna Yogashram Trust,-,Jaipur
Candlewick Public School,1730117,Sec -ii Vidyadhar Nagar Jaipur  Rajasthan,302023,141,"01412235621, 234411",-,2711587,himmatrathore@hotmail.com,http://www.candlewickpublicschool.com,1987,Mrs. Raj Rathore,Senior Secondary,Candlewick Educational Society,-,Jaipur
"Cambridge Kids Garden Public School, Simani",1730425,Vpo Simani Teh Buhana Dist Jhunjhunu (raj),333502,159,216219,-,01593 218901,RAHISHYADAV04@GMAIL.COM,-,2009,Mahendra Singh Bahti,Senior Secondary,Cambridge Shiksha Samiti Buhana,-,Jhunjhunu
Care International School,1730644,"66-75, Balaji Vihar, Hathoj, Kalwar Road, Jaipur",302012,141,2359650,-,0141-2342808,principalcisjpr@gmail.com,http://www.schoolonlinesoftware.com,2010,Bablee Agarwal,Senior Secondary,"E-care Educational Society, Jaipur",-,Jaipur
Career Point Gurukul,1730836,"Plot No. Ip-1,dhoinda, Riico Area, Rajsamand",313342,295,02952202044,-,-,principal@cprajsamand.in,http://www.cprajsamand.com,2015,Mrs. Sangita Shrivastava,Senior Secondary,Career Point Education Society,-,Rajasmand
Career Point Gurukul School,1730579,"Thekra, Tehsil Ladpura, Kota-324003, Rajasthan",324004,744,2900992,-,0744-2500892,jbs.principal@cpil.in,-,2002,Pravin Kumar,Senior Secondary,Jbs Sikshan Sansthan,-,Kota
Cambridge Convent School,1730585,"Jaipur Road, Sardar Shahr, Rajasthan (churu)",331403,1564,274461,-,-,rnk1961@gmail.com,http://www.cambridgeconventschoolsrdr.com/,2009,Ram Nath Kashyap,Senior Secondary,Kuntak Shikshan Sansthan,-,Churu
Career Point World School,1730569,Vijay Raje Nagar Pali Bye Pass Jhalamand,342302,291,2012761,-,0744-2500892,cpws.principal@cpil.in,-,2003,Manisha Lashkari,Senior Secondary,Jeevan Raksha Shikshan Sansthan,-,Jodhpur
Ceeri Vidya Mandir,1730030,Ceeri Campus Pilani Rajasthan,333031,1596,242390,-,-,principalcvm@rediffmail.com,-,1968,Sunil Sharma,Senior Secondary,Ceeri Bal Mandir Socy,-,Jhunjhunu
Central Academy - 1,1730153,Khetri Copper Complex Khetri Nagar Jhunjhunu Rajasthan,333504,1593,220122,222617,-,stpaulscor@yahoo.co.in,-,1999,Mr C L Sharma,Senior Secondary,Central Academy Edu Sco,-,Jhunjhunu
Central Academy - 2,1730154,Khetri Copper Complex Khetri Nagar Distt Jhunjhunu Rajasthan,333504,1593,"221028, 223151",-,-,pakrashiac@gmail.com,-,1999,A C Pakrashi,Senior Secondary,Central Academy Edu Soc,-,Jhunjhunu
Central Academy,1730349,"Near Water Tank, Ambabari Jaipur, Rajasthan",302012,141,2334617,-,-,centralacademyambabari@gmail.com,-,2005,Sunita Vashistha,Senior Secondary,Navratan Vidya Mandir Shiksha Samiti,-,Jaipur
Central Academy,1730329,"Pragati Nagar, Kotra, Ajmer, Rajasthan",305004,145,0145-2970294,-,-,centralacademyajm@gmail.com,http://centralacademyajmer.org/,-,Mr. Ajay Singh Rajput,Senior Secondary,-,-,Ajmer
Central Academy,1730142,Bhilwara Rajasthan,311001,1482,"241102, 242855",241325,-,shalinidixit12@gmail.com,-,1997,Shalini Dixit,Senior Secondary,Central Academy Edn. Society Banipa,-,Bhilwara
Central Academy,1730125,Chopasini Housing Board Jodhpur Rajasthan,342027,291,2705862,0291-2715863,-,CHB@CENTRALACADEMY.AC.IN,-,1960,Anju Banga,Senior Secondary,Venkateswara Educational And Charitable Trust,-,Jodhpur
Central Academy,1730357,"Otc Ambamata, Udaipur",313004,294,2430370,-,-,hpchhipa@yahoo.co.in,-,2002,Hanuman Prasad Chhipa,Senior Secondary,St Thomas Public School Trust,-,Udaipur
Central Academy Sr Sec School,1730238,Gandhi Nagar Alwar Rajasthan,301001,144,"2345897, 2340850",282222,-,anjana.sahai99@gmail.com,-,1984,Anjana Sahai,Senior Secondary,Central Academy Shikshan Samiti,-,Alwar
Central Academy Sr Sec School,1730300,Shri Cement Ltd Beawar Rajasthan,305901,1462,228141,872854,-,shamahawa@shreecementltd.com,-,1990,Shama Hawa,Senior Secondary,Central Academy Shiksha Samiti,-,Ajmer
Central Academy School,1730732,"Kh.no. 462/2, Dhinana Ki Dhani, Pal By Pass, Jodhpur",342014,291,0291-6530007,-,-,fopal@centralacademy.ac.in,http://www.centralacademy.ac.in,2003,Mrs.mamta Jha,Senior Secondary,Central Academy Jodhpur Education Society. Jaipur,-,Jodhpur
"Central Academy Senior Secondary School,Nandri, Jodhpur",1730451,"Central Academy Senior Secondary School, Nandri, Jodhpur",342001,291,6530156,-,2915103759,JDHCANTT@CENTRALACADEMY.AC.IN,http://www.centralacademy.ac.in,1991,Arun Upadhyaya,Senior Secondary,Central Academy (jodhpur) Education Society,-,Jodhpur
Central Academy School,1730269,Police Line Road Kota Rajasthan,324001,744,"0744-2327925,07442321019",-,0744-2321019,cen_academy@yahoo.co.in,http://www.centralacademykota.com,-,Mr. Gaurav Sen Jhala,Senior Secondary,-,-,Kota
Central Academy,1730321,"Hiran Magri, Udaipur, Rajasthan",313004,294,2460160,-,-,ca_affiliation@rediffmail.com,http://www.cahiranmagri.org,-,Dr. Hema Chabra,Senior Secondary,-,-,Udaipur
Central Academy Sr Sec School,1730071,"Dadabari, Kota, Rajasthan",324009,744,2501759,-,-,centralacademy.kota@gmail.com,-,2001,S C Agrawal,Senior Secondary,Maharaja Agrasen Manjmal Trust,-,Kota
Central Academy Senior Secondary School,1730713,"Hanumant Vihar, Mukundpura Road, Bhankrota",302026,141,2250947,-,1412551790,SHRIVASTAVANEELU@GMAIL.COM,http://www.centralacademyjpr.com/,1973,Neelu Shrivastava,Senior Secondary,Central Academy Educational Society,-,Jaipur
Central Academy School,1730370,New Housing Board Pali,306401,2932,256882,245500,0291-5103759,chandag@centralacademy.ac.in,http://www.centralacademy.ac.in,2006,Chanda Gehlot,Senior Secondary,Central Academy (jodhpur) Education Society,-,Pali
Central Academy Sr Sec School,1730097,Sardar Pura Udaipur Rajasthan,313001,294,2526170,-,2722623,ca_affiliation@rediffmail.com,http://www.casardarpura.org,-,Mrs. Priya Bose,Senior Secondary,-,-,Udaipur
"Cfdav Public School, Gadepan, Kota",1730489,"Gadepan, P.o. Gadepan District- Kota",325208,7455,07455-274466,-,07455-274466,cfdavgadepan@yahoo.com,http://cfdav.yolasite.com/,-,Mrs. Kranti,Secondary School,-,-,Kota
Central Public Senior Secondary School,1730549,Talwandi,324005,744,9636260119,-,0744-2426677,cpskota@gmail.com,http://www.cpskota.edu.in,-,Mrs. Shruti Pancholi,Senior Secondary,-,-,Kota
Central Public Sr Sec School,1730207,New Bhupalpura New Maharashhi Bhawan Udaipur Rajasthan,313001,294,"2415641, 2312641",7312414058,07487-272645,cpsudr1989@yahoo.co.in,http://www.cpsudaipur.com/,1991,Man Jit Singh Sandhu,Senior Secondary,Society Of Benedictian Sisters Of St. Lioba,-,Udaipur
Children Academy Convent School,1730429,"5km Stone Delhi Road,near Baktal Chowk Alwar",301001,144,3249344,261625,-,vaibhav.gupta42@yahoo.com,-,2006,Akhilesh Gupta,Senior Secondary,Children Academy Society,-,Alwar
Cgi World School,1730677,"Nh-11,opp.dalmia Dairybharatpur",321001,5644,226855,-,5644226855,cwsbp1@gmail.com,http://www.cwsbp.com,2013,Bhavana Agrawal,Senior Secondary,Chandrawati Educational  Charitable Trust,-,Bharatpur
Ch Mota Ram Meel Memorial Sr Sec Public School,1730258,Public School 5 Nrd Nirwana Via Sardar Garh Teh Surat Garh Shri Ganganagar Rajasthan,335705,1509,"256157, 215369",2803171,-,dattapapli@yahoo.co.in,-,1990,Suman Datta,Senior Secondary,Mota Ram Meel Memorial Pub School,-,Sri Ganganagar
Children Sr Secondary School,1730292,Mandana Ladpura Dadabari Kota Rajasthan(sec+sr.sec. Subject To Outcome Of W.p.n.7859/2013),324009,744,2502060,23027,260148,childrenschool_kota@yahoo.co.in,http://www.childrenschoolkota.com,1989,Mohd  Kalam Khan,Senior Secondary,Children School Samiti,-,Kota
Central Acadmey Sr Sec School,1730179,Senthi Chittorgarh Rajasthan,312025,1472,"246449, 46449",44204,-,akd.dashora@gmail.com,-,1989,Ashlesh Kumar Dashora,Senior Secondary,Central Academy Educational Society,-,Chittorgarh
Childrens Academy Convent School,1731090,"V- Chandigarh, Teh- Ramgarh",301026,-,01468296666,-,-,childrenacademy20@rediffmail.com,www.cacsramgarh.com,-,Vaibhav Gupta,Senior Secondary,Childrens Academic Society,-,Alwar
Arihant International School,1731091,"Bhilwara, Rajasthan,  311401",311401,-,09358858898,-,-,arihant.interschool2022@gmail.com,http://aisbhl.com/,-,Chanda Gehlot,Senior Secondary,Arihant Educational Trust,-,Bhilwara
Arihant International School,1730526,"Tijara Bye-pass Road, Tijara",301411,9251,070700,-,-,arihant_school@yahoo.co.in,-,2006,Punam Chauhan,Senior Secondary,Lala Biri Jain Charitable Society,-,Alwar
Arihant Public School,1730414,Chandrasel Rangpur Road Kota,324001,744,2111001,-,7442111001,apskota02@gmail.com,-,2000,Usha Lowalekar,Senior Secondary,Sri Vijayvergiya Sikshan Sansthan,-,Kota
Army Public School,1780011,Nasirabad Cantt 13 The Mall Dt.ajmer Rajasthan,305601,1491,220510,22399,-,principalapsnsd@gmail.com,-,1997,Ashok Sharma,Senior Secondary,Army Welfare Edn. Society,-,Ajmer
Army Public School,1780018,Po Itarana Alwar Rajasthan,301023,144,2881310,47060,-,sharmavikas68@gmail.com,-,1994,Vikas Sharma,Senior Secondary,Durgah Committee,-,Alwar
Army Public School,1780020,"Kanjoli Lines, Bharat Pur, Rajasthan",321001,5644,237189,-,-,asbharat2013@gmail.com,www.armyschoolbharatpur.com,1977,Mr. Vinod Kumar Sharma,Secondary School,"Army Shiksha Samiti, Bharatpur",-,Bharatpur
Army Public School,1780010,Bikaner Rajasthan,334001,151,2110224,2333,01251-680994,sasshii@gmail.com,-,1991,Shashi Sharma,Senior Secondary,Army Welfare Edn. Society,-,Ajmer
Army Public School,1780024,"C/o Hq 12 Rapid, C/o 56 Apo, Pin - 908412",345001,2992,9636809896,-,-,apsjsm@gmail.com,apsjaisalmer.com,2010,Mrs. Harshita Mishra,Secondary School,Army Welfare Education Society,-,Jaisalmer
Army Public School,1780007,Jaipur Cantt C/o H.q. 61 (i) Sub Area C/o 56 A.p.o Rajasthan,324008,141,2249149,7442370823,2370670,manishatyagi68@gmail.com,www.apsjaipur.com,1982,Manisha Tyagi,Senior Secondary,Shool Management Committee,-,Ajmer
Army Public School,1780013,C/o Hq 12 Inf Div C/o 50 A P O Ajmer Road Jodhpur Rajasthan,342010,25105,2510559,22399,-,apsjodhpur1992@gmail.com,-,1997,Dr ( Mrs) Tabassum Khan,Senior Secondary,Army Welfare Edn. Society,-,Jodhpur
Army Public School,1780017,Lalgarh Jatan C/o Hq 83 Inf Bde C/o 56 Apo,335001,1503,01503288740,-,9649952077,apslgj83@gmail.com,www.apslalgarh.com,1983,Mr. Kuldip Kumar,Secondary School,Army Welfare Education Society,-,Sri Ganganagar
Army Public School,1780016,C/o 170 Inf.bde. C/o 56 Apo Suratgarh  ( Sri Ganga Nagar ) Rajasthan,152123,1509,9602003457,6562225929,-,chauhanmanju09@gmail.com,-,2003,Manju Chauhan,Senior Secondary,Army Welfare Education Society,-,Sri Ganganagar
Army Public School Kota,1780012,"Mala Road,  Kota Rajasthan",324001,744,07442980024,22399,-,armypublicschoolkota@gmail.com,www.apskota.in,1982,Mrs. Priti Menaria,Senior Secondary,Army Welfare Education Society (awes),-,Kota
Army Public School,1780015,Sri Ganganagar  Po Sadhuwali Rajasthan Rajasthan,335001,154,01542492192,22399,1542492192,apssriganganagar@gmail.com,www.apssriganganagar.in,1991,Dr. Vinita Chaturvedi,Senior Secondary,Army Welfare Education Society,-,Sri Ganganagar
Arorvansh Public School,1730265,Gagan Path Jawahar Nagar Sri Ganga Nagar Rajasthan,335001,154,2460405,-,0278-2568222,sachinkumarkukkar@gmail.com,http://www.swamigurukul.com,2007,Sachin Kumar Kukkar,Senior Secondary,Sri Arorvansh Shikshan Prabandh Samiti,-,Sri Ganganagar
Arya Public School,1730647,"Block A, Malviya Nagar",301001,144,2703408,-,-,apsmnagar@yahoo.in,http://www.aryakanyaalwar.com,2011,Nandini Jain,Senior Secondary,Arya Kanya Vidyalaya Samiti,-,Alwar
Arya Public School Neemrana,1730933,"Majri Road, Shri Krishan Nagar, Neemrana",301705,-,1494246086,-,-,aryaneemrana@gmail.com,http://www.aryaschool.ac.in,2013,Mr. Ravindra Singh Yadav,Secondary School,"Arya Vidya Mandir Shri Krishn Nagar Samiti, Neemrana",-,Alwar
Asha Academy,1730562,"Rampura Road, Patan",332718,1574,9413072703,-,-,asha.academy@rediffmail.com,http://www.ashadeviitc.com,2004,Sohan Singh Mehar,Senior Secondary,Asha Devi Shikshan Sansthan,-,Sikar
Asian World School,1730813,"Near Hanging Garden, Jaisinghpura, Ajmer Road, Jaipur",302026,141,01412251790,-,-,info@asianworldschool.com,http://www.asianworldschool.com,2014,Mrs. Shephali Charan,Senior Secondary,Sneh Education Society,-,Jaipur
Asian Public School,1730199,35 Bb Gajsingh Pur Distt Sriganganagar Rajasthan,335024,1505,"230146, 230646",230102,-,asianpublicschool02@gmail.com,-,2002,Kamal Singh,Senior Secondary,Asian Public School,-,Sri Ganganagar
Asha Devi International School,1730816,"Khemana Road, Sadulpur",331023,1559,01559222682,-,-,ashadevi007@rediffmail.com,ashadeviinternationalschool.in,2014,Mrs. Anita,Senior Secondary,Bhai Nitin Kumar Education & Social Welfare Trust,-,Churu
Atomic Energy Central School No 3,1780014,Heavy Water Plant Colony Rawat Bhata Via Kota Rajasthan,323307,1475,9324696394,33204,-,rajubsk4@gmail.com,-,1987,B S K Raju,Senior Secondary,Atomic Energy Education Society,-,Kota
Atomic Energy Central School No 4,1780004,Anukiran Colony Rawatbhata Via Kota (distt Chittorgarh) Rajasthan,323307,1475,233330,2344,-,aecsrbt4@yahoo.co.in,-,1987,Jithendra Kumar V V,Senior Secondary,Atomic Energy Ednl Society Bombay,-,Chittorgarh
Atomic Energy Central School No.  2,1780019,Anuchhaya Colony,323307,1593,233248,-,-,-,-,1994,Sh M N V P Naidu,Secondary School,Durgah Committee,-
Atomic Energy Central School No.  2,1730315,Anuchhaya Colony,323307,1475,233248,-,-,aecsrbt2@yahoo.co.in,-,1994,Rk Sawhney,Secondary School,Durgah Committee,-,Kota
Aurobindo International School,1730992,"Near Royal Greens Apartment, Sirsi Road, Near Sirsi Mod",302012,-,01412240823,-,-,principal@aisraj.org,www.aisraj.org,2018,Miss Karuna Nagpal,Secondary School,"Arivind Bharti Vidyalaya Samiti, Jaipur",-,Jaipur
Avm Convent School,1730332,"Ghanta Ghar Road Dholpur, Rajasthan",328001,5642,220094,-9460624806,-,ranjanarashmi75@gmail.com,-,1991,Ranjana Rashmi,Senior Secondary,Sanad School Managing Committee,-,Dholpur
B R Birla Public School,1730106,Green Park Beyond 18 Sector Chopasani Housing Board Jodhpur Rajasthan,342008,291,9828100526,-,222560,brbirlapublicschool@gmail.com,http://www.davhamirpur.,-,Mr.paras Mehta,Senior Secondary,-,-,Jodhpur
Aryan Public School,1730946,"Lohagal Road, Ajmer",305001,-,01452622294,-,-,aryanschoolajmer@gmail.com,aryanschool.org,2014,Mr. Puneet Sharma,Secondary School,Aryan Educational Society,-,Ajmer
B R Birla Public Sr Sec School,1730235,Naya Gaon Pali Pali Rajasthan,306401,2932,"223594, 220616",2222699,-,poonamkumar03@gmail.com,-,1991,Poonam Kumar,Senior Secondary,Bhopal Ram Birla Shikshan Sansthan,-,Pali
B R J D Public School,1730017,Bhorugram Nangal Kalan Churu Distt Rajasthan,331035,1559,"234425, 226",01559-284426,284588,brjd@rediffmail.com,http://www.brjdpubsch.com,1976,D P Singh,Senior Secondary,Bhoruka Charitable Trust,-,Churu
B R Shikshan Sansthan Senor Secondary School,1730966,"Sikar - Salasar Road, Chelasi, Post - Shyampura",332041,-,01572224228,-,-,brsschelasi@gmail.com,www.brcparivar.in,1998,Mr. Rajesh Kumar Nain,Senior Secondary,B R Shikshan Sansthan,-,Sikar
B.P. Convent School,1731036,"35, Friends Vihar, Panchyawala, Sirsi Road",302034,-,01414057571,-,-,bpconventschool@gmail.com,bpconventschooljaipur.com,2015,Mrs. Mamta Vyadwal,Secondary School,Kusum Bal Vidya Mandir Society,-,Jaipur
B. L. International Smart School,1730684,"Jaipur Road, Toda Rai Singh, District-tonk",304505,1433,232752,-,01433-232020,princibliss1@gmail.com,http://www.blisstoda.com,2012,Amit Kumar Sharma,Senior Secondary,B.l. Memorial Charitable Sansthan,-,Tonk
"B.P.S. Convent School, Laxmangarh",1730533,"Manasiya Road, Laxmangarh, Sikar (raj.)",332311,1573,686444,-,-,BPSCONVENT@GMAIL.COM,http://www.bpsconvent.com,2009,Radhe Shyam Sharma,Senior Secondary,B.p.s. Shikshan Sansthan,-,Sikar
B.P.S. Shikshan Sansthan,1730605,"Nh-11,near Toll Booth, Reengus (sikar)",332404,1575,9649225001,-,-,10951@cbseshiksha.in,www.bpsreengus.com,2008,Mrs. Vandana Dhaka,Senior Secondary,"B.p.s. Shikshan Sansthan, Reengus",-,Sikar
B.S.F. Sr Sec School,1730027,"Sri Ganganagar, Rajasthan",335001,154,2440375,2440930,-,-,-,-,Sohan Lal,Senior Secondary,-,-,Sri Ganganagar
Baba Hardwari Nath Public School,1730807,Village- Nathwala(2ml),335001,154,2464031,-,-,byuvisoni@gmail.com,-,1966,Bhupender Singh,Secondary School,Baba Hardwari Nath Dhermarth Sarwjanik Pernayas,-,Sri Ganganagar
Bagaria Bal Vidya Niketan,1730554,Mukundgarh Road Laxmangarh,332311,1573,222232,-,01573-224751,principal@bbvn.in,-,1960,Madhulika Mishra,Senior Secondary,"Bagaria Bal Vidya Niketan Samiti,laxmangarh",-,Sikar
Bakshi's Springdales Sec School,1730160,Deoli Arar Road Borkhera  Kota Rajasthan,324001,744,"2333941, 330844",0612-2560462/09334440064,2560276,vijayakota58@gmail.com,http://www.mfspatna.com,1994,Vijaya Kumari,Senior Secondary,Gobind Ram Memorial School Soc Kota,-,Kota
Bal Bharati Public School,1730755,"86-94 , Jodia Meo",301020,1493,3298065,-,-,principal@bbpsbhiwadi.com,-,2012,Seema Jain,Secondary School,Jeevan Saar Educational Society,-,Alwar
Bal Bharti International School,1730794,Mega Highway Bypass,331507,1568,224079,-,-,bbissujangarh@gmail.com,http://www.bbissujangarh.com,2001,Mrs. Madhu Shekhawat,Senior Secondary,Bal Bharti Vidyapeeth Sansthan,-,Churu
B.S. Memorial School,1730390,"Choudhary Colony, Opp. Shani Kunj, Distt Sirohi, Rajasthan",307026,2974,221131,491581,02974-221133,bsmsprincipal@gmail.com,-,2002,Pramod Choudhary,Senior Secondary,B.s. Memorial School,-,Sirohi
Bal Niketan Gandhi Seva Sadan,1730014,Rajsamand Distt Rajasthan,313326,2952,223125,220430,2952221325,principal_bngss@yahoo.co.in,-,1952,Jay Prakash Pathak,Senior Secondary,Gandhi Sewa Saden,-,Rajasmand
Bandikui Public School,1730744,"Ward No.10, Near Railway Station, Sikandra Road, Bandikui",303313,1420,01420269140,-,-,bandikuipublicschool@gmail.com,http://www.mybpsindia.in,2005,Mrs. Neha Jhalani,Senior Secondary,Adarsh Vrandavan Shikshan Sansthan,-,Dausa
Bangur Public School,1730975,"Bangur City, Vill- Bagatpura, Tehsil Jaitaran, Dist.-pali",306101,-,7727004567,-,-,info@bangurschool.com,http://bangurschool.com/RAS/index.php,2017,Mrs. Kavita Bhalothia,Secondary School,Shree Foundation Trust,-,Pali
Bansal Public School,1730467,Ganesh Nagar,324005,744,2471600,9838161560,-,admin@bansalpublicschool.com,http://www.bansalpublicschool.com,2008,Savita Tripathi,Senior Secondary,Bps Educational Society,-,Kota
Banyan Tree School,1730621,"Sector 7, Madhyam Marg, Mansarovar",302020,141,2983604,-,1412972174,principal@jpr.banyantree.in,http://www.banyantree.in,2011,Lakshmi Menon,Senior Secondary,"Ram Krishan & Sons Charitable Trust, New Delhi",-,Jaipur
Basic Public School,1731007,"Gandhi Vidya Mandir, Taranagar Road,sardarshahr",331403,-,6377915045,-,-,basicpublicschoolgvm@gmail.com,https://gvm.iaseuniversityonline.org/school/bps,2010,Mrs. Mamta Sharma,Senior Secondary,Gandhi Vidya Mandir,-,Churu
Bhagat Public Sr Sec School,1730578,"Nh-12 Jhalawar Road, Alaniya Kota",324003,744,07442832113,-,7442832113,bpssschool@gmail.com,http://www.bhagatpublicschool.com,2009,Mr. Saurav Sharma,Senior Secondary,Pushpa Vidya Niketan Samiti Kota,-,Kota
Bhagwan Das Pareek Dream School,1730863,"80 Feet Road, Gaurav Path, Kali Ke Bag Ka Rasta, Newai",304021,-,9887545867,-,1438224001,bdpds.ney@gmail.com,http://www.bdpds.com,2013,Mrs.aditi Pareek,Senior Secondary,Gopinath Sikshan Sansthan,-,Tonk
Bhanwar Lal Gothi Public Sec. School,1730316,Krishna Colony Beawar Ajmer Rajasthan,305901,1462,"01462256024, 254024",-,-,blgpss.bwr08@yahoo.com,www.blgothipublicschool.com,-,Dr. Anil Kumar Sharma,Senior Secondary,-,-,Ajmer
Bharatiya Vidya Bhavan Vidyashram Pratapnagar,1730534,"Pratapnagar, Sect 26, Opp. Dwarikapuri, Near Nri Circle, Pratapnagar, Sanganer, Jaipur - 302 033 (raj.) India",302033,141,"2796206-207, 210",9434070233,0141-2796202,jprvidyashramprtp@yahoo.in,http://www.jprvidyashramprtp.com,2008,Mr Deepak Dua,Senior Secondary,Bharatiya Vidya Bhavan,-,Jaipur
Beetles International School,1730521,"Near Heavens Garden, Sumel Road, Agra Road, Jaipur",302031,-,7823824866,-,-,beetlesagraroad@gmail.com,-,2008,Indu Johari,Senior Secondary,Motiraj Education & Welfare Society,-,Jaipur
Bharti Vidya Bhawan,1730409,"Link Road, Ratitalai, Banswara, Rajasthan",327001,2962,241050,-,02962-242168,saroj_nagawat@live.com,-,1982,Bharti Mishra,Senior Secondary,Bharti Vidya Bhawan Society,-,Banswara
Bhartia International School,1730706,"Nh-11, Rajaldesar Churu",331802,-,01567222684,-,1567222684,info.bischool@gmail.com,http://WWW.BHARTIASCHOOL.COM,2013,Mr. Narottam Lal Swami,Senior Secondary,"Sawal Ram Bhartia Foundation, New Delhi",-,Churu
Bhabha Public School,1730540,"1, Adjoining Stadium, Chitrakoot Scheme,ajmer Road,jaipur",302021,141,2440561,2411117,0141-2440561,drsharmasushama@gmail.com,-,2007,Sushma Sharma,Senior Secondary,"Shree Bhabha Public School Samiti,jaipur",-,Jaipur
Bhartiya Public School,1730259,Sanwali Road By Pass Circle Sikar Rajasthan,332001,1572,274321,01572-274321,259921,rajbps.bps@gmail.com,http://www.bhartiya.org,1993,Rita Sharma,Senior Secondary,B P S Shikshan Sansthan,-,Sikar
Bhartiya Vidya Bhavan's Vidyashram,1730040,Opp Ots Km Munshi Marg Jaipur Rajasthan,302015,141,"2711291, 2711291",2711450,2711587,info@bhavansvidyashram.org,-,1985,Pratima Sharma,Senior Secondary,Bharatiya Vidya Bhavan,-,Jaipur
Bhavya Angel Convent School,1730804,"15 Bgp, Abohar Road, Po.deengarh, Teh. Sangria",335063,1499,290151,-,-,bhavyaangelschool@gmail.com,-,2012,Naveen Kumar,Secondary School,Bhavya Angel Shikshan Sanstha,-,Hanumangarh
